MEME version 5.5.3 (Sat Jun 10 16:19:38 2023 -0700)

ALPHABET= ACGT

strands: + -

Background letter frequencies (from uniform background):
A 0.25000 C 0.25000 G 0.25000 T 0.25000 

MOTIF tead4 

letter-probability matrix: alength= 4 w= 9 nsites= 8063 E= 0
  0.071810	  0.710778	  0.102691	  0.114722	
  0.368349	  0.037827	  0.073422	  0.520402	
  0.048121	  0.000000	  0.950391	  0.001488	
  0.003349	  0.010046	  0.986109	  0.000496	
  0.927322	  0.004589	  0.000000	  0.068089	
  0.999876	  0.000000	  0.000000	  0.000124	
  0.000000	  0.002232	  0.000000	  0.997768	
  0.000248	  0.032122	  0.639960	  0.327670	
  0.006945	  0.349746	  0.005705	  0.637604	

MOTIF tead4_double 

letter-probability matrix: alength= 4 w= 17 nsites= 2800 E= 0
  0.441071	  0.072857	  0.128214	  0.357857	
  0.318929	  0.011429	  0.624286	  0.045357	
  0.139643	  0.110357	  0.706429	  0.043571	
  0.645357	  0.139643	  0.022143	  0.192857	
  0.989286	  0.002500	  0.002500	  0.005714	
  0.001429	  0.012500	  0.002500	  0.983571	
  0.007500	  0.107143	  0.409643	  0.475714	
  0.101786	  0.582143	  0.042500	  0.273571	
  0.168214	  0.499643	  0.113571	  0.218571	
  0.641071	  0.031429	  0.101071	  0.226429	
  0.324286	  0.002143	  0.654643	  0.018929	
  0.069643	  0.096429	  0.815357	  0.018571	
  0.620714	  0.150000	  0.010000	  0.219286	
  0.994643	  0.000714	  0.002143	  0.002500	
  0.001786	  0.009286	  0.000357	  0.988571	
  0.002500	  0.128571	  0.595714	  0.273214	
  0.066786	  0.340714	  0.042857	  0.549643	

