MEME version 5.5.3 (Sat Jun 10 16:19:38 2023 -0700)

ALPHABET= ACGT

strands: + -

Background letter frequencies (from uniform background):
A 0.25000 C 0.25000 G 0.25000 T 0.25000 

MOTIF tead4_double_no_ervs_marg_seqs 

letter-probability matrix: alength= 4 w= 17 nsites= 199304 E= 0
  0.501721	  0.045729	  0.391894	  0.060656	
  0.288479	  0.611347	  0.089687	  0.010486	
  0.997351	  0.000000	  0.002649	  0.000000	
  0.000602	  0.000000	  0.000000	  0.999398	
  0.195831	  0.012699	  0.150985	  0.640484	
  0.017245	  0.775780	  0.108422	  0.098553	
  0.034891	  0.591448	  0.007973	  0.365688	
  0.256051	  0.147548	  0.052568	  0.543833	
  0.227933	  0.157132	  0.430197	  0.184738	
  0.316873	  0.042714	  0.560460	  0.079953	
  0.365346	  0.501054	  0.121187	  0.012413	
  0.997205	  0.000000	  0.002795	  0.000000	
  0.000130	  0.000000	  0.000000	  0.999870	
  0.184688	  0.011711	  0.131693	  0.671908	
  0.025353	  0.726438	  0.115838	  0.132371	
  0.056221	  0.663208	  0.012283	  0.268289	
  0.314976	  0.161477	  0.089105	  0.434442	

